        Frequency / THz                tm=0.05/abs,linear
----------------------------------------------------------------------
                       0                  7.6285336e-005
                     0.6                     0.015301029
                     1.2                     0.030562097
                     1.8                      0.04574699
                     2.4                     0.060764215
                       3                     0.075540797
                     3.6                     0.090021083
                     4.2                      0.10416453
                     4.8                        0.117943
                     5.4                      0.13133804
                       6                      0.14433833
                     6.6                      0.15693764
                     7.2                      0.16913323
                     7.8                      0.18092472
                     8.4                      0.19231339
                       9                      0.20330175
                     9.6                      0.21389343
                    10.2                      0.22409309
                    10.8                      0.23390652
                    11.4                      0.24334058
                      12                       0.2524033
                    12.6                      0.26110372
                    13.2                      0.26945189
                    13.8                      0.27745862
                    14.4                      0.28513531
                      15                      0.29249379
                    15.6                      0.29954604
                    16.2                       0.3063041
                    16.8                      0.31277982
                    17.4                      0.31898486
                      18                      0.32493051
                    18.6                      0.33062773
                    19.2                      0.33608713
                    19.8                      0.34131894
                    20.4                      0.34633311
                      21                      0.35113925
                    21.6                      0.35574672
                    22.2                      0.36016461
                    22.8                      0.36440176
                    23.4                      0.36846672
                      24                      0.37236776
                    24.6                      0.37611281
                    25.2                      0.37970945
                    25.8                      0.38316487
                    26.4                      0.38648588
                      27                      0.38967882
                    27.6                      0.39274966
                    28.2                      0.39570393
                    28.8                      0.39854678
                    29.4                      0.40128304
                      30                      0.40391721
                    30.6                      0.40645355
                    31.2                      0.40889611
                    31.8                      0.41124878
                    32.4                      0.41351532
                      33                      0.41569942
                    33.6                      0.41780466
                    34.2                      0.41983457
                    34.8                      0.42179261
                    35.4                      0.42368216
                      36                      0.42550649
                    36.6                      0.42726874
                    37.2                      0.42897194
                    37.8                      0.43061893
                    38.4                      0.43221237
                      39                      0.43375473
                    39.6                      0.43524828
                    40.2                      0.43669511
                    40.8                      0.43809711
                    41.4                      0.43945602
                      42                      0.44077342
                    42.6                      0.44205078
                    43.2                      0.44328945
                    43.8                      0.44449075
                    44.4                       0.4456559
                      45                      0.44678612
                    45.6                       0.4478826
                    46.2                      0.44894653
                    46.8                      0.44997906
                    47.4                      0.45098135
                      48                      0.45195455
                    48.6                      0.45289978
                    49.2                      0.45381811
                    49.8                       0.4547106
                    50.4                      0.45557825
                      51                      0.45642199
                    51.6                       0.4572427
                    52.2                      0.45804122
                    52.8                      0.45881831
                    53.4                      0.45957469
                      54                      0.46031104
                    54.6                      0.46102801
                    55.2                      0.46172619
                    55.8                      0.46240618
                    56.4                      0.46306855
                      57                      0.46371389
                    57.6                      0.46434273
                    58.2                      0.46495563
                    58.8                      0.46555314
                    59.4                      0.46613578
                      60                      0.46670407
                    60.6                       0.4672585
                    61.2                      0.46779953
                    61.8                       0.4683276
                    62.4                       0.4688431
                      63                       0.4693464
                    63.6                      0.46983784
                    64.2                      0.47031771
                    64.8                       0.4707863
                    65.4                      0.47124386
                      66                      0.47169063
                    66.6                      0.47212686
                    67.2                      0.47255277
                    67.8                      0.47296862
                    68.4                      0.47337465
                      69                      0.47377114
                    69.6                      0.47415836
                    70.2                      0.47453659
                    70.8                      0.47490614
                    71.4                      0.47526731
                      72                       0.4756204
                    72.6                      0.47596569
                    73.2                      0.47630347
                    73.8                      0.47663399
                    74.4                      0.47695748
                      75                      0.47727416
                    75.6                       0.4775842
                    76.2                      0.47788776
                    76.8                      0.47818497
                    77.4                      0.47847595
                      78                      0.47876079
                    78.6                      0.47903959
                    79.2                      0.47931243
                    79.8                      0.47957939
                    80.4                      0.47984058
                      81                       0.4800961
                    81.6                      0.48034606
                    82.2                      0.48059058
                    82.8                       0.4808298
                    83.4                      0.48106386
                      84                      0.48129291
                    84.6                      0.48151709
                    85.2                      0.48173656
                    85.8                      0.48195145
                    86.4                      0.48216188
                      87                      0.48236798
                    87.6                      0.48256985
                    88.2                      0.48276758
                    88.8                      0.48296126
                    89.4                      0.48315095
                      90                      0.48333672
                    90.6                      0.48351863
                    91.2                      0.48369675
                    91.8                      0.48387112
                    92.4                      0.48404181
                      93                      0.48420889
                    93.6                      0.48437243
                    94.2                      0.48453251
                    94.8                       0.4846892
                    95.4                      0.48484258
                      96                      0.48499273
                    96.6                      0.48513972
                    97.2                      0.48528361
                    97.8                      0.48542448
                    98.4                      0.48556237
                      99                      0.48569734
                    99.6                      0.48582945
                   100.2                      0.48595872
                   100.8                      0.48608523
                   101.4                      0.48620902
                     102                      0.48633016
                   102.6                      0.48644872
                   103.2                       0.4865648
                   103.8                      0.48667849
                   104.4                       0.4867899
                     105                      0.48689913
                   105.6                       0.4870063
                   106.2                       0.4871115
                   106.8                      0.48721483
                   107.4                      0.48731635
                     108                      0.48741607
                   108.6                      0.48751402
                   109.2                      0.48761013
                   109.8                      0.48770432
                   110.4                      0.48779648
                     111                      0.48788645
                   111.6                      0.48797405
                   112.2                      0.48805911
                   112.8                      0.48814143
                   113.4                      0.48822087
                     114                      0.48829729
                   114.6                      0.48837062
                   115.2                      0.48844087
                   115.8                      0.48850808
                   116.4                      0.48857242
                     117                       0.4886341
                   117.6                      0.48869341
                   118.2                      0.48875071
                   118.8                       0.4888064
                   119.4                      0.48886088
                     120                      0.48891457
                   120.6                      0.48896785
                   121.2                      0.48902103
                   121.8                      0.48907435
                   122.4                      0.48912794
                     123                      0.48918182
                   123.6                      0.48923591
                   124.2                      0.48928997
                   124.8                      0.48934369
                   125.4                      0.48939665
                     126                       0.4894484
                   126.6                      0.48949842
                   127.2                      0.48954623
                   127.8                      0.48959138
                   128.4                       0.4896335
                     129                      0.48967235
                   129.6                      0.48970779
                   130.2                      0.48973987
                   130.8                      0.48976876
                   131.4                       0.4897948
                     132                      0.48981844
                   132.6                      0.48984024
                   133.2                      0.48986081
                   133.8                      0.48988077
                   134.4                      0.48990072
                     135                      0.48992117
                   135.6                      0.48994247
                   136.2                      0.48996485
                   136.8                      0.48998832
                   137.4                       0.4900127
                     138                       0.4900376
                   138.6                      0.49006244
                   139.2                      0.49008653
                   139.8                      0.49010905
                   140.4                      0.49012916
                     141                      0.49014608
                   141.6                      0.49015909
                   142.2                      0.49016768
                   142.8                      0.49017157
                   143.4                      0.49017077
                     144                       0.4901656
                   144.6                      0.49015671
                   145.2                      0.49014508
                   145.8                      0.49013192
                   146.4                      0.49011869
                     147                      0.49010694
                   147.6                      0.49009824
                   148.2                      0.49009404
                   148.8                      0.49009555
                   149.4                      0.49010353
                     150                      0.49011823
                   150.6                      0.49013912
                   151.2                       0.4901647
                   151.8                      0.49019227
                   152.4                      0.49021741
                     153                       0.4902333
                   153.6                      0.49022944
                   154.2                      0.49018932
                   154.8                      0.49008694
                   155.4                      0.48988443
                     156                      0.48954896
                   156.6                      0.48915051
                   157.2                      0.48900715
                   157.8                      0.48933126
                   158.4                        0.489815
                     159                      0.49018504
                   159.6                      0.49040981
                   160.2                      0.49052936
                   160.8                      0.49057994
                   161.4                      0.49058542
                     162                      0.49056123
                   162.6                      0.49051798
                   163.2                       0.4904635
                   163.8                      0.49040391
                   164.4                      0.49034416
                     165                       0.4902882
                   165.6                      0.49023909
                   166.2                      0.49019901
                   166.8                      0.49016926
                   167.4                      0.49015029
                     168                      0.49014176
                   168.6                      0.49014261
                   169.2                      0.49015115
                   169.8                      0.49016528
                   170.4                      0.49018259
                     171                      0.49020057
                   171.6                      0.49021682
                   172.2                       0.4902292
                   172.8                        0.490236
                   173.4                      0.49023609
                     174                      0.49022897
                   174.6                      0.49021489
                   175.2                      0.49019479
                   175.8                      0.49017033
                   176.4                      0.49014375
                     177                      0.49011782
                   177.6                      0.49009573
                   178.2                      0.49008095
                   178.8                      0.49007715
                   179.4                      0.49008826
                     180                      0.49011848
                   180.6                      0.49017255
                   181.2                      0.49025598
                   181.8                      0.49037495
                   182.4                      0.49053393
                     183                      0.49072639
                   183.6                      0.49091389
                   184.2                      0.49101779
                   184.8                       0.4909887
                   185.4                      0.49087957
                     186                      0.49077148
                   186.6                       0.4906969
                   187.2                      0.49065274
                   187.8                      0.49062708
                   188.4                      0.49060977
                     189                      0.49059413
                   189.6                      0.49057645
                   190.2                      0.49055515
                   190.8                      0.49053015
                   191.4                      0.49050233
                     192                      0.49047322
                   192.6                       0.4904446
                   193.2                      0.49041831
                   193.8                      0.49039599
                   194.4                      0.49037889
                     195                      0.49036776
                   195.6                      0.49036275
                   196.2                      0.49036337
                   196.8                      0.49036854
                   197.4                      0.49037663
                     198                      0.49038562
                   198.6                      0.49039321
                   199.2                      0.49039706
                   199.8                      0.49039494
                   200.4                      0.49038494
                     201                      0.49036566
                   201.6                      0.49033633
                   202.2                      0.49029695
                   202.8                      0.49024831
                   203.4                      0.49019201
                     204                      0.49013037
                   204.6                      0.49006633
                   205.2                      0.49000325
                   205.8                      0.48994475
                   206.4                      0.48989439
                     207                      0.48985549
                   207.6                      0.48983085
                   208.2                      0.48982254
                   208.8                      0.48983171
                   209.4                      0.48985847
                     210                      0.48990184
                   210.6                      0.48995972
                   211.2                      0.49002903
                   211.8                       0.4901058
                   212.4                       0.4901854
                     213                      0.49026284
                   213.6                      0.49033302
                   214.2                      0.49039107
                   214.8                      0.49043267
                   215.4                      0.49045431
                     216                      0.49045358
                   216.6                      0.49042931
                   217.2                      0.49038172
                   217.8                      0.49031241
                   218.4                      0.49022433
                     219                       0.4901216
                   219.6                      0.49000932
                   220.2                      0.48989322
                   220.8                      0.48977936
                   221.4                      0.48967369
                     222                      0.48958175
                   222.6                      0.48950821
                   223.2                      0.48945662
                   223.8                      0.48942906
                   224.4                      0.48942604
                     225                      0.48944633
                   225.6                      0.48948699
                   226.2                      0.48954347
                   226.8                      0.48960984
                   227.4                      0.48967903
                     228                      0.48974324
                   228.6                      0.48979439
                   229.2                      0.48982449
                   229.8                      0.48982624
                   230.4                      0.48979334
                     231                      0.48972101
                   231.6                      0.48960626
                   232.2                      0.48944813
                   232.8                      0.48924784
                   233.4                      0.48900882
                     234                      0.48873654
                   234.6                      0.48843838
                   235.2                      0.48812321
                   235.8                      0.48780106
                   236.4                      0.48748259
                     237                      0.48717863
                   237.6                      0.48689963
                   238.2                      0.48665517
                   238.8                      0.48645353
                   239.4                       0.4863013
                     240                      0.48620307
                   240.6                      0.48616127
                   241.2                      0.48617605
                   241.8                      0.48624533
                   242.4                      0.48636492
                     243                      0.48652875
                   243.6                      0.48672918
                   244.2                       0.4869574
                   244.8                      0.48720384
                   245.4                      0.48745863
                     246                      0.48771206
                   246.6                        0.487955
                   247.2                      0.48817931
                   247.8                      0.48837811
                   248.4                      0.48854609
                     249                      0.48867965
                   249.6                       0.4887769
                   250.2                      0.48883773
                   250.8                      0.48886362
                   251.4                      0.48885746
                     252                      0.48882332
                   252.6                      0.48876612
                   253.2                      0.48869135
                   253.8                      0.48860472
                   254.4                      0.48851187
                     255                      0.48841806
                   255.6                      0.48832799
                   256.2                      0.48824558
                   256.8                      0.48817384
                   257.4                      0.48811485
                     258                      0.48806972
                   258.6                      0.48803866
                   259.2                      0.48802105
                   259.8                      0.48801561
                   260.4                      0.48802051
                     261                      0.48803358
                   261.6                      0.48805246
                   262.2                      0.48807478
                   262.8                      0.48809826
                   263.4                       0.4881209
                     264                      0.48814102
                   264.6                      0.48815732
                   265.2                      0.48816893
                   265.8                      0.48817539
                   266.4                       0.4881766
                     267                      0.48817279
                   267.6                      0.48816442
                   268.2                      0.48815216
                   268.8                      0.48813674
                   269.4                      0.48811891
                     270                      0.48809939
                   270.6                      0.48807881
                   271.2                      0.48805768
                   271.8                      0.48803634
                   272.4                      0.48801504
                     273                      0.48799386
                   273.6                       0.4879728
                   274.2                      0.48795178
                   274.8                      0.48793068
                   275.4                      0.48790937
                     276                      0.48788773
                   276.6                      0.48786569
                   277.2                      0.48784322
                   277.8                      0.48782033
                   278.4                      0.48779709
                     279                      0.48777361
                   279.6                      0.48775001
                   280.2                      0.48772639
                   280.8                      0.48770286
                   281.4                      0.48767949
                     282                      0.48765631
                   282.6                       0.4876333
                   283.2                      0.48761041
                   283.8                      0.48758756
                   284.4                      0.48756466
                     285                      0.48754162
                   285.6                      0.48751841
                   286.2                      0.48749501
                   286.8                      0.48747148
                   287.4                      0.48744795
                     288                      0.48742457
                   288.6                      0.48740155
                   289.2                       0.4873791
                   289.8                      0.48735739
                   290.4                      0.48733649
                     291                      0.48731639
                   291.6                      0.48729688
                   292.2                       0.4872776
                   292.8                      0.48725803
                   293.4                      0.48723751
                     294                      0.48721535
                   294.6                      0.48719091
                   295.2                      0.48716378
                   295.8                      0.48713395
                   296.4                      0.48710196
                     297                      0.48706912
                   297.6                      0.48703757
                   298.2                      0.48701032
                   298.8                       0.4869909
                   299.4                      0.48698209
                     300                      0.48698231
                   300.6                      0.48698044
                   301.2                      0.48695975
                   301.8                       0.4869188
                   302.4                      0.48687489
                     303                       0.4868414
                   303.6                         0.48682
                   304.2                       0.4868069
                   304.8                      0.48679768
                   305.4                      0.48678886
                     306                      0.48677816
                   306.6                      0.48676437
                   307.2                      0.48674722
                   307.8                      0.48672709
                   308.4                      0.48670481
                     309                      0.48668147
                   309.6                       0.4866582
                   310.2                      0.48663599
                   310.8                       0.4866156
                   311.4                      0.48659747
                     312                      0.48658168
                   312.6                      0.48656796
                   313.2                      0.48655576
                   313.8                       0.4865443
                   314.4                      0.48653271
                     315                      0.48652009
                   315.6                      0.48650565
                   316.2                       0.4864888
                   316.8                      0.48646921
                   317.4                       0.4864469
                     318                      0.48642222
                   318.6                      0.48639588
                   319.2                      0.48636888
                   319.8                      0.48634245
                   320.4                      0.48631798
                     321                       0.4862969
                   321.6                      0.48628055
                   322.2                      0.48627008
                   322.8                      0.48626637
                   323.4                      0.48626989
                     324                      0.48628068
                   324.6                      0.48629829
                   325.2                      0.48632179
                   325.8                      0.48634981
                   326.4                      0.48638056
                     327                      0.48641196
                   327.6                      0.48644174
                   328.2                      0.48646755
                   328.8                      0.48648711
                   329.4                      0.48649835
                     330                      0.48649949
                   330.6                      0.48648918
                   331.2                      0.48646655
                   331.8                      0.48643129
                   332.4                       0.4863836
                     333                      0.48632422
                   333.6                      0.48625436
                   334.2                       0.4861756
                   334.8                      0.48608982
                   335.4                      0.48599906
                     336                       0.4859054
                   336.6                      0.48581083
                   337.2                      0.48571717
                   337.8                      0.48562593
                   338.4                      0.48553829
                     339                      0.48545499
                   339.6                      0.48537639
                   340.2                       0.4853024
                   340.8                      0.48523259
                   341.4                      0.48516624
                     342                      0.48510236
                   342.6                      0.48503989
                   343.2                      0.48497769
                   343.8                      0.48491472
                   344.4                      0.48485006
                     345                      0.48478302
                   345.6                      0.48471317
                   346.2                      0.48464038
                   346.8                      0.48456476
                   347.4                      0.48448672
                     348                      0.48440684
                   348.6                      0.48432587
                   349.2                       0.4842446
                   349.8                      0.48416379
                   350.4                      0.48408411
                     351                      0.48400604
                   351.6                      0.48392984
                   352.2                      0.48385547
                   352.8                      0.48378264
                   353.4                      0.48371073
                     354                      0.48363894
                   354.6                      0.48356623
                   355.2                      0.48349149
                   355.8                      0.48341358
                   356.4                      0.48333144
                     357                       0.4832442
                   357.6                      0.48315124
                   358.2                      0.48305228
                   358.8                      0.48294741
                   359.4                      0.48283715
                     360                      0.48272239
                   360.6                      0.48260442
                   361.2                      0.48248481
                   361.8                      0.48236533
                   362.4                      0.48224789
                     363                      0.48213436
                   363.6                      0.48202647
                   364.2                      0.48192573
                   364.8                      0.48183326
                   365.4                      0.48174975
                     366                      0.48167538
                   366.6                       0.4816098
                   367.2                      0.48155214
                   367.8                      0.48150105
                   368.4                      0.48145474
                     369                      0.48141114
                   369.6                      0.48136794
                   370.2                      0.48132283
                   370.8                      0.48127354
                   371.4                      0.48121805
                     372                      0.48115468
                   372.6                      0.48108223
                   373.2                      0.48100003
                   373.8                      0.48090799
                   374.4                      0.48080665
                     375                      0.48069709
                   375.6                      0.48058092
                   376.2                      0.48046015
                   376.8                      0.48033707
                   377.4                      0.48021415
                     378                      0.48009384
                   378.6                      0.47997843
                   379.2                      0.47986993
                   379.8                       0.4797699
                   380.4                       0.4796794
                     381                      0.47959888
                   381.6                      0.47952815
                   382.2                       0.4794664
                   382.8                       0.4794122
                   383.4                       0.4793636
                     384                      0.47931821
                   384.6                      0.47927331
                   385.2                      0.47922601
                   385.8                      0.47917335
                   386.4                      0.47911244
                     387                      0.47904059
                   387.6                      0.47895539
                   388.2                      0.47885475
                   388.8                      0.47873703
                   389.4                        0.478601
                     390                      0.47844607
                   390.6                      0.47827274
                   391.2                      0.47808388
                   391.8                      0.47788766
                   392.4                      0.47770209
                     393                      0.47755497
                   393.6                      0.47746417
                   394.2                      0.47740869
                   394.8                      0.47734468
                   395.4                      0.47724884
                     396                      0.47712363
                   396.6                      0.47698002
                   397.2                      0.47682746
                   397.8                      0.47667204
                   398.4                      0.47651719
                     399                       0.4763646
                   399.6                      0.47621488
                   400.2                      0.47606801
                   400.8                      0.47592356
                   401.4                      0.47578092
                     402                      0.47563938
                   402.6                      0.47549821
                   403.2                      0.47535676
                   403.8                      0.47521446
                   404.4                      0.47507083
                     405                      0.47492556
                   405.6                      0.47477839
                   406.2                       0.4746292
                   406.8                      0.47447793
                   407.4                      0.47432458
                     408                      0.47416918
                   408.6                      0.47401178
                   409.2                      0.47385242
                   409.8                       0.4736911
                   410.4                      0.47352784
                     411                      0.47336261
                   411.6                      0.47319536
                   412.2                      0.47302605
                   412.8                      0.47285459
                   413.4                      0.47268096
                     414                      0.47250509
                   414.6                      0.47232698
                   415.2                      0.47214661
                   415.8                        0.471964
                   416.4                      0.47177917
                     417                      0.47159212
                   417.6                      0.47140287
                   418.2                      0.47121137
                   418.8                      0.47101754
                   419.4                      0.47082124
                     420                      0.47062227
                   420.6                      0.47042033
                   421.2                       0.4702151
                   421.8                      0.47000616
                   422.4                       0.4697931
                     423                      0.46957544
                   423.6                      0.46935276
                   424.2                      0.46912464
                   424.8                      0.46889075
                   425.4                      0.46865083
                     426                      0.46840474
                   426.6                      0.46815246
                   427.2                      0.46789409
                   427.8                      0.46762986
                   428.4                      0.46736009
                     429                       0.4670852
                   429.6                      0.46680565
                   430.2                      0.46652193
                   430.8                      0.46623451
                   431.4                      0.46594382
                     432                      0.46565019
                   432.6                      0.46535387
                   433.2                      0.46505497
                   433.8                       0.4647535
                   434.4                      0.46444932
                     435                      0.46414222
                   435.6                      0.46383189
                   436.2                      0.46351799
                   436.8                      0.46320019
                   437.4                      0.46287817
                     438                       0.4625517
                   438.6                      0.46222065
                   439.2                      0.46188502
                   439.8                      0.46154492
                   440.4                       0.4612006
                     441                      0.46085241
                   441.6                      0.46050076
                   442.2                      0.46014607
                   442.8                      0.45978874
                   443.4                      0.45942905
                     444                      0.45906711
                   444.6                      0.45870281
                   445.2                      0.45833576
                   445.8                      0.45796529
                   446.4                      0.45759039
                     447                      0.45720975
                   447.6                      0.45682179
                   448.2                      0.45642472
                   448.8                      0.45601658
                   449.4                      0.45559539
                     450                      0.45515922
                   450.6                      0.45470628
                   451.2                      0.45423505
                   451.8                      0.45374439
                   452.4                      0.45323354
                     453                      0.45270224
                   453.6                      0.45215073
                   454.2                      0.45157972
                   454.8                      0.45099036
                   455.4                      0.45038418
                     456                      0.44976299
                   456.6                      0.44912874
                   457.2                      0.44848344
                   457.8                        0.447829
                   458.4                      0.44716711
                     459                      0.44649915
                   459.6                       0.4458261
                   460.2                      0.44514845
                   460.8                      0.44446626
                   461.4                      0.44377907
                     462                      0.44308602
                   462.6                      0.44238593
                   463.2                      0.44167734
                   463.8                      0.44095873
                   464.4                      0.44022858
                     465                      0.43948555
                   465.6                      0.43872857
                   466.2                      0.43795696
                   466.8                      0.43717052
                   467.4                       0.4363695
                     468                      0.43555465
                   468.6                      0.43472715
                   469.2                      0.43388853
                   469.8                      0.43304054
                   470.4                        0.432185
                     471                      0.43132369
                   471.6                      0.43045815
                   472.2                      0.42958954
                   472.8                      0.42871855
                   473.4                      0.42784529
                     474                      0.42696925
                   474.6                       0.4260893
                   475.2                      0.42520378
                   475.8                      0.42431057
                   476.4                      0.42340728
                     477                      0.42249143
                   477.6                      0.42156064
                   478.2                       0.4206129
                   478.8                      0.41964675
                   479.4                      0.41866146
                     480                      0.41765718
                   480.6                      0.41663498
                   481.2                      0.41559694
                   481.8                      0.41454599
                   482.4                      0.41348581
                     483                      0.41242065
                   483.6                      0.41135501
                   484.2                      0.41029338
                   484.8                      0.40923987
                   485.4                      0.40819791
                     486                      0.40716988
                   486.6                      0.40615689
                   487.2                      0.40515854
                   487.8                      0.40417274
                   488.4                      0.40319573
                     489                      0.40222214
                   489.6                      0.40124513
                   490.2                      0.40025671
                   490.8                      0.39924812
                   491.4                       0.3982103
                     492                      0.39713441
                   492.6                      0.39601239
                   493.2                      0.39483743
                   493.8                      0.39360449
                   494.4                      0.39231067
                     495                      0.39095544
                   495.6                      0.38954082
                   496.2                      0.38807132
                   496.8                      0.38655382
                   497.4                      0.38499723
                     498                      0.38341211
                   498.6                      0.38181017
                   499.2                      0.38020365
                   499.8                      0.37860474
                   500.4                      0.37702492
                     501                      0.37547434
                   501.6                      0.37396125
                   502.2                       0.3724915
                   502.8                      0.37106811
                   503.4                      0.36969106
                     504                      0.36835711
                   504.6                      0.36705989
                   505.2                      0.36579017
                   505.8                      0.36453628
                   506.4                      0.36328469
                     507                      0.36202085
                   507.6                      0.36072993
                   508.2                      0.35939781
                   508.8                      0.35801192
                   509.4                      0.35656204
                     510                      0.35504098
                   510.6                      0.35344504
                   511.2                       0.3517743
                   511.8                      0.35003269
                   512.4                      0.34822776
                     513                      0.34637037
                   513.6                      0.34447409
                   514.2                      0.34255451
                   514.8                      0.34062843
                   515.4                        0.338713
                     516                      0.33682476
                   516.6                      0.33497875
                   517.2                      0.33318766
                   517.8                      0.33146105
                   518.4                      0.32980471
                     519                      0.32822028
                   519.6                      0.32670499
                   520.2                      0.32525178
                   520.8                      0.32384964
                   521.4                       0.3224843
                     522                      0.32113916
                   522.6                      0.31979647
                   523.2                      0.31843861
                   523.8                      0.31704945
                   524.4                      0.31561565
                     525                      0.31412768
                   525.6                      0.31258057
                   526.2                      0.31097429
                   526.8                      0.30931356
                   527.4                       0.3076073
                     528                      0.30586751
                   528.6                      0.30410797
                   529.2                      0.30234265
                   529.8                      0.30058417
                   530.4                      0.29884247
                     531                      0.29712386
                   531.6                      0.29543053
                   532.2                      0.29376059
                   532.8                       0.2921087
                   533.4                      0.29046697
                     534                       0.2888262
                   534.6                      0.28717714
                   535.2                      0.28551163
                   535.8                      0.28382354
                   536.4                       0.2821093
                     537                      0.28036818
                   537.6                      0.27860217
                   538.2                      0.27681556
                   538.8                      0.27501441
                   539.4                      0.27320581
                     540                      0.27139724
                   540.6                      0.26959584
                   541.2                      0.26780797
                   541.8                      0.26603875
                   542.4                      0.26429187
                     543                      0.26256951
                   543.6                      0.26087242
                   544.2                      0.25920008
                   544.8                      0.25755094
                   545.4                      0.25592277
                     546                       0.2543129
                   546.6                      0.25271854
                   547.2                      0.25113702
                   547.8                      0.24956601
                   548.4                      0.24800359
                     549                      0.24644842
                   549.6                      0.24489964
                   550.2                      0.24335693
                   550.8                      0.24182038
                   551.4                      0.24029043
                     552                      0.23876772
                   552.6                      0.23725298
                   553.2                      0.23574698
                   553.8                      0.23425041
                   554.4                      0.23276384
                     555                      0.23128769
                   555.6                      0.22982225
                   556.2                      0.22836771
                   556.8                      0.22692416
                   557.4                      0.22549168
                     558                      0.22407038
                   558.6                       0.2226604
                   559.2                      0.22126201
                   559.8                      0.21987554
                   560.4                      0.21850142
                     561                      0.21714016
                   561.6                      0.21579223
                   562.2                      0.21445812
                   562.8                      0.21313817
                   563.4                      0.21183262
                     564                      0.21054148
                   564.6                      0.20926457
                   565.2                      0.20800153
                   565.8                      0.20675179
                   566.4                      0.20551469
                     567                      0.20428952
                   567.6                      0.20307565
                   568.2                       0.2018726
                   568.8                      0.20068017
                   569.4                      0.19949853
                     570                      0.19832829
                   570.6                      0.19717054
                   571.2                      0.19602687
                   571.8                      0.19489928
                   572.4                      0.19379018
                     573                      0.19270219
                   573.6                      0.19163804
                   574.2                      0.19060038
                   574.8                       0.1895916
                   575.4                      0.18861369
                     576                      0.18766807
                   576.6                       0.1867555
                   577.2                      0.18587606
                   577.8                      0.18502907
                   578.4                      0.18421324
                     579                      0.18342671
                   579.6                      0.18266723
                   580.2                      0.18193237
                   580.8                      0.18121968
                   581.4                      0.18052696
                     582                      0.17985247
                   582.6                      0.17919506
                   583.2                       0.1785544
                   583.8                      0.17793094
                   584.4                      0.17732605
                     585                      0.17674185
                   585.6                      0.17618111
                   586.2                      0.17564703
                   586.8                      0.17514298
                   587.4                      0.17467221
                     588                      0.17423754
                   588.6                      0.17384111
                   589.2                      0.17348416
                   589.8                      0.17316697
                   590.4                       0.1728888
                     591                      0.17264805
                   591.6                       0.1724426
                   592.2                      0.17227026
                   592.8                      0.17212957
                   593.4                      0.17202082
                     594                      0.17194753
                   594.6                      0.17191838
                   595.2                      0.17194986
                   595.8                      0.17206923
                   596.4                      0.17231601
                     597                      0.17273092
                   597.6                      0.17327737
                   598.2                      0.17349786
                   598.8                       0.1724763
                   599.4                      0.17574406
                     600                     0.098382974

